0.5088569829441432 0.22358765143494333 0.26755536562091353
0.25923388579787693 0.5243012585160904 0.21646485568603258
0.31633325750353175 0.2721204613681924 0.41154628112827585
0.2586021938907208 0.3492411509658274 0.39215665514345177
0.18823809983045497 0.00014369030546131008 0.8116182098640837
0.9556725635910513 0.043726145541927705 0.0006012908670209871
0.3905659412105156 0.5042017847748876 0.10523227401459678
0.9999999999999979 0.0 2.1094237467877974e-15
0.18210127713804394 0.6161960676836559 0.20170265517830022
0.320282227802777 0.292085251607656 0.387632520589567
0.3820132387749295 0.5224286774322202 0.09555808379285025
0.004418473269442169 0.29664943374726843 0.6989320929832894
0.03417078041491158 0.03249995557526857 0.9333292640098199
0.059987673900576355 0.2139857128879404 0.7260266132114832
0.2135977721580244 0.613330221151754 0.1730720066902216
0.8487041569404962 0.04088989607303678 0.11040594698646711
0.1239500960404689 0.6597901754968879 0.21625972846264319
0.043457833495169775 0.13645645929937233 0.8200857072054579
0.30607494010835934 0.6777095156992049 0.01621554419243576
0.05533238675906062 0.9113343774738959 0.0333332357670435
0.3802242177441761 0.5347750792922626 0.08500070296356133
0.33094466632929825 0.6023874289643614 0.06666790470634043
0.0 0.0 1.0
0.8791680379756311 0.08753726237811754 0.03329469964625131
0.2305022878438434 0.75200840301015 0.01748930914600655
0.295562682808839 0.6348739140446681 0.0695634031464929
0.22127198359081474 0.0454048763411643 0.7333231400680209
0.23789552632284994 0.15271747031524668 0.6093870033619033
0.43665947603980276 0.08682060930327179 0.47651991465692545
0.39210404112718056 0.1292632626771714 0.4786326961956481
0.5298447210246864 0.13682619309367425 0.33332908588163934
0.08724629075260083 0.08740496209495384 0.8253487471524453
0.2197483595314542 0.7469286906076915 0.03332294986085427
0.5219281329538175 0.30559729590676094 0.17247457113942155
0.2596169284139582 0.3070554800000786 0.4333275915859631
0.05984874259917279 0.02476061927817812 0.9153906381226491
0.35123682942543955 0.015636635812711137 0.6331265347618493
0.009818562204340745 0.897710166577303 0.0924712712183563
0.6657214667543387 0.16761068661007664 0.16666784663558465
0.10957060241649284 0.4193085922022823 0.4711208053812249
0.024023732444889912 0.1686844105073943 0.8072918570477158
0.5763610398111018 0.12999331801748823 0.29364564217141
0.34802879974253653 0.21870508960166057 0.4332661106558029
0.4435139841574193 0.25138933547120695 0.3050966803713737
0.21558060693772083 0.26129606746224593 0.5231233256000332
0.26041775595896327 0.17267656373763304 0.5669056803034037
0.7225925297949843 0.04813109872527801 0.22927637147973767
0.4339997883747228 0.29928854415172296 0.26671166747355424
0.9132475618808304 0.0860268866675835 0.0007255514515860373
0.37434420374593036 0.3385366156107882 0.28711918064328146
0.3178343087785256 0.0 0.6821656912214744
0.48914643974881145 0.33756717500512745 0.1732863852460611
0.008612948981056074 0.010190409897941446 0.9811966411210025
0.26260521772946677 0.043549779298606574 0.6938450029719266
0.567743982109377 0.21746626292054236 0.21478975497008057
0.1907727075987472 0.6261474653000254 0.1830798271012274
0.2639872452352736 0.3366502854900265 0.39936246927469987
0.39097599178133813 0.2128020315642778 0.3962219766543841
0.8266796842168255 0.08642864266738669 0.08689167311578783
0.2536326926278509 0.05576570755425986 0.6906015998178893
0.12081929110275692 0.6480138664003038 0.2311668424969393
0.13683661250974172 0.8520443472983237 0.01111904019193466
0.026591558761302127 0.9699757526975383 0.003432688541159523
0.45022259430921807 0.25406736419013287 0.29571004150064906
0.216449667999071 0.6539322344971179 0.12961809750381104
0.1512736516375788 0.04858140402458727 0.8001449443378339
0.04267305724748296 0.34886295996604555 0.6084639827864715
0.4458613316425062 0.18030549828489237 0.3738331700726014
0.5612245174153043 0.3642866974770914 0.07448878510760426
0.5534453860979615 0.43913278268209155 0.007421831219946995
0.06019948203857886 0.21452475824688386 0.7252757597145373
0.035407003737359166 0.5728946096880021 0.39169838657463873
0.11604691267727614 0.6172389454979813 0.2667141418247426
0.861187314981778 0.03771328677687953 0.1010993982413424
0.1952643781696436 0.40952101103763033 0.39521461079272613
0.6928498252923969 0.04048061496812381 0.26666955973947926
0.17291155704867503 6.033379854836556e-12 0.8270884429452916
0.5839506692827956 0.0008986757273389514 0.4151506549898655
0.4914765316230124 0.5081366665158915 0.0003868018610960755
0.3515577585157423 0.3245429743174985 0.3238992671667592
0.6935528436475064 0.2210410727147067 0.08540608363778701
0.04408092518570157 0.4365227893035727 0.5193962855107257
0.20652866608354253 0.3828125465991139 0.4106587873173436
0.9006605902835573 0.0928166426333271 0.00652276708311561
0.4822758080680791 0.48439604164841576 0.03332815028350511
5.18344336834508e-12 0.177026495717555 0.8229735042772616
0.36817947793000677 0.031125272100912205 0.600695249969081
0.6797531449740074 0.0 0.3202468550259926
0.7398113281079491 0.08692913574823465 0.17325953614381617
0.8715547091537045 0.05960967321515056 0.06883561763114499
0.2873945307062477 0.10986179831802552 0.6027436709757268
0.003101286187357497 0.0635852205788035 0.9333134932338389
0.1578238733074859 0.6261481192808136 0.21602800741170047
0.04406838378555662 0.17485487942033728 0.781076736794106
0.0636193051263055 0.04357458566971087 0.8928061092039836
0.016769868206498378 0.01652590219436641 0.9667042295991353
0.510271701911282 0.40378381472734537 0.08594448336137261
0.620794301895837 0.0458726942602667 0.3333330038438963
0.08572589300756464 0.7431175204878749 0.17115658650456045
0.5221903438847513 0.3055695859613649 0.17224007015388387
0.9631292566844903 0.005259055563121688 0.031611687752387985
0.17480470724397237 0.04214542872404843 0.7830498640319792
0.4313218311027608 0.13746586306361053 0.4312123058336287
0.4840742981283319 0.4454908440775641 0.07043485779410397
0.002249223823958335 0.18403608501074445 0.8137146911652973
0.5259706202302291 0.17133574457542458 0.30269363519434633
0.5910799469827492 0.18934970613584085 0.21957034688140997
0.7597469278967847 0.03648004558851126 0.20377302651470408
0.5649972575762614 0.3420732361408457 0.09292950628289287
0.17297091279895468 0.6579824551186998 0.1690466320823456
0.0026199908184792 0.005130984413951173 0.9922490247675696
0.15045085087711713 0.01622563044578261 0.8333235186771002
0.21884641328720544 2.491146632003247e-05 0.7811286752464746
0.11937540528325224 0.21388199382134815 0.6667426008953996
0.8315176988640296 0.052294376326749915 0.11618792480922047
0.29450763373085476 0.07217048518333773 0.6333218810858074
0.12418612755465468 0.009099170294716949 0.8667147021506284
0.04409013417468415 0.9548232017233546 0.0010866641019612322
0.19158881050442128 0.8079960677230059 0.0004151217725728573
0.733328157222808 7.903208926322644e-11 0.2666718426981599
0.012885478935732067 0.2170905370630749 0.7700239840011931
0.3488163483086106 0.08433669263004795 0.5668469590613414
0.24886345067146542 0.4457309393207972 0.30540561000773736
0.17028910010079532 0.10246801356704069 0.727242886332164
0.38469020388766906 0.3486123138907746 0.2666974822215563
0.015121255371140573 0.005880155063269377 0.97899858956559
0.17295491655376757 0.2173815389712073 0.6096635444750251
0.21392438235593747 0.5193007975777922 0.2667748200662703
0.025770515655814626 0.969014448971565 0.005215035372620358
0.3488610947747384 0.1291983691450467 0.5219405360802148
0.7784655437776057 0.14923317825275406 0.07230127796964025
0.8260066481023668 0.08645466270227245 0.08753868919536079
0.5022005269908937 0.20660274252229316 0.29119673048681316
0.11281064091814005 0.02049387037529512 0.8666954887065648
0.7827959473026205 6.174784976271843e-09 0.2172040465225945
0.309796389855046 0.2740560046330579 0.4161476055118961
0.1315027524588465 0.16655258083962243 0.7019446667015311
0.0003859678350394661 0.1279704829810593 0.8716435491839012
0.472850743436099 0.40504012642934006 0.12210913013456093
0.39039086747632146 0.39545904597919757 0.21415008654448098
0.14221497317264062 0.02445395604060953 0.8333310707867498
0.21167299493512412 0.40947729917721254 0.3788497058876633
0.5975154635855248 0.13137451744183978 0.2711100189726354
0.16964368112251133 0.6524680392805496 0.17788827959693898
0.4848142274701939 0.2116818863064928 0.30350388622331326
0.17256017073193533 0.5242561382705238 0.30318369099754094
0.7518107123801421 0.24144336817925605 0.006745919440601877
0.043523889952824926 0.13196310679663317 0.8245130032505419
0.08603451661380374 0.8321562263591495 0.08180925702704667
0.6690381053260274 0.2976725851597808 0.033289309514191845
0.8255217835584552 6.781600112461733e-09 0.17447820965994476
0.6374680653115039 0.25969671043724196 0.10283522425125413
0.29915836948544755 0.3870276233396015 0.313814007174951
0.17032842588325353 0.562999858268474 0.26667171584827243
0.05599376272201738 0.930428429456066 0.013577807821916643
0.2650394735000097 0.001628799138740393 0.7333317273612499
0.7396274609506984 0.04323488543779737 0.21713765361150417
0.10540986844283685 0.7169550053009985 0.17763512625616462
0.6152280276576568 0.0005611604375929191 0.38421081190475026
0.2581188458697511 0.2615425162893482 0.4803386378409007
0.5211395620323129 0.4788604375092677 4.584194135404118e-10
0.1392134609617442 0.5327469142643851 0.3280396247738707
0.6187752269458623 0.07513213732127062 0.30609263573286705
0.6965784017110029 7.634584056553602e-11 0.30342159821265124
0.03031678633877426 0.26269311014364455 0.7069901035175812
0.000307012590268687 0.5035188293914548 0.4961741580182766
0.39031220008984907 0.5230900149935449 0.08659778491660608
0.547219523078906 0.3666611794367554 0.08611929748433866
0.22313363070234107 0.18195709487292291 0.594909274424736
0.25691037304608677 0.5232141688950264 0.21987545805888686
0.1890815137804216 0.03639369054393961 0.7745247956756388
0.013817968219965823 0.019497753117255504 0.9666842786627787
0.47764718667134426 0.43615536175046826 0.08619745157818748
0.909304279457079 0.07029834586761419 0.02039737467530678
0.19092841198349927 0.4219254381092797 0.38714614990722107
0.39900333512048874 0.0676807230821669 0.5333159417973443
4.5224642296420663e-10 0.13324162998074573 0.8667583695670078
0.7413541094050156 0.13633871806296463 0.12230717253201984
0.8166269006143082 0.154394666571102 0.028978432814589783
0.04369880761105448 0.17468818949677528 0.7816130028921702
0.9477365844378891 0.04985207073760749 0.0024113448245034474
0.7712679608528975 0.06206448318798827 0.1666675559591142
0.3959301237645921 0.5814986849490654 0.02257119128634255
0.07539231950638658 0.015099758607608241 0.9095079218860052
0.35532557323069347 0.3240324948267608 0.32064193194254575
0.695500629461331 0.30449937018443285 3.542361959318896e-10
0.1552917924724901 0.015282375770429355 0.8294258317570806
0.7122629615693136 0.1550224088736549 0.1327146295570315
0.3917496862766671 0.6082502726732075 4.1050125410002636e-08
0.18204399121900805 0.6879733982060575 0.12998261057493443
0.09259047727662889 0.8104318932511124 0.09697762947225863
0.6985110146018121 0.08481538155295879 0.21667360384522916
0.5405888434990701 0.18941180338193334 0.2699993531189966
0.9840471496867883 0.0 0.015952850313211697
0.27411720111537446 0.5377211272734865 0.18816167161113895
0.128780278007642 0.4379811928210707 0.43323852917128736
0.43426307709077944 0.4361204380692222 0.12961648483999844
0.8583243138024993 0.04983509944559434 0.09184058675190632
0.0010234751165524186 0.9851923464690759 0.013784178414371628
0.34148215207374233 0.6500640894605662 0.008453758465691519
1.0 0.0 0.0
0.023524001873568928 0.009798463663040699 0.9666775344633903
0.07180104633671915 0.13222602196277924 0.7959729317005017
0.10423179278603913 0.7290966062514274 0.16667160096253342
0.19147861535433372 0.6902942266124159 0.11822715803325035
0.11829525056882477 0.1067236741718436 0.7749810752593316
0.24109912292302113 0.5255703775262454 0.23333049955073348
0.4892010734152498 0.3374444626220014 0.17335446396274878
0.1328029051726688 0.8671342656807409 6.282914659028194e-05
0.00010233841001042482 0.3042347041570396 0.6956629574329499
0.7192564598175857 0.06343528427761798 0.2173082559047963
0.05041927807819978 0.9247574080950272 0.024823313826773052
0.21641968066358272 0.6694471128343878 0.11413320650202952
0.21287780737926607 0.3981017152173916 0.38902047740334234
0.14131923252825204 0.05534290214916398 0.803337865322584
0.2611908194829681 0.5070992221587376 0.23170995835829433
0.7164802939503504 0.07038017633220094 0.21313952971744865
0.3041529117428204 0.16283911829967584 0.5330079699575038
0.30722434740561505 1.8288773033381094e-12 0.6927756525925561
0.14107257560638134 0.340368983268043 0.5185584411255757
0.8260687863671736 0.08653869753680322 0.08739251609602317
0.2597261060589028 0.307080508969191 0.4331933849719063
0.25884685362187504 0.1343676728598214 0.6067854735183036
0.1173695431407533 0.7581430201807254 0.12448743667852136
0.3040252226409821 0.1735969852058154 0.5223777921532025
0.06389369313919442 0.530653930430546 0.40545237643025955
0.17273813574589408 0.611436709159658 0.21582515509444788
0.4945919085534125 0.10343961071505857 0.4019684807315289
0.5953801549600987 0.2299601702704291 0.1746596747694723
0.028247400981204207 0.5424578317721115 0.42929476724668425
0.1339072945463228 0.5647017477684073 0.3013909576852699
0.04297968804103765 0.9570195227078534 7.892511090235033e-07
0.12907585915122471 0.8675278242480778 0.003396316600697502
0.8833914763037747 0.09624408671104538 0.02036443698517998
0.6015571545558708 0.19425097742170924 0.20419186802241995
0.7398968082417459 0.0869826831056495 0.17312050865260464
0.7781378277591471 0.19835759544809606 0.02350457679275686
0.07042920176347935 0.03679061710572688 0.8927801811307938
0.9222432662824769 0.0 0.07775673371752312
0.4813674454096115 0.0438719087889563 0.4747606458014322
0.04561918985846988 0.7719077214075843 0.18247308873394574
0.12885310555542628 0.856194257065912 0.014952637378661704
0.023198885572115108 0.9637617864211587 0.013039328006726136
7.181580487876707e-06 0.1770847962192763 0.8229080222002358
0.05114692008028339 0.8410422494381032 0.10781083048161333
0.004368591688226496 0.0009168663708586497 0.9947145419409149
0.5410408310104782 0.32711048353550515 0.13184868545401673
0.2633499097579323 0.043732594662447916 0.6929174955796198
0.22226556725509292 0.18811518902068694 0.5896192437242201
0.7403363345964117 0.17402338261850445 0.08564028278508384
0.5419984864084522 0.4543761801553791 0.003625333436168776
0.18012615144921826 0.42290061604713197 0.3969732325036498
0.056678710117807736 0.9188566791674849 0.02446461071470729
0.2414198144837313 0.13350229012555592 0.6250778953907128
0.1293120524563583 0.43739243626380836 0.43329551127983335
0.4237407888872249 0.04293550869243936 0.5333237024203358
0.12301296277895865 0.08333471926561337 0.793652317955428
0.7387517664002088 0.2612482157331028 1.7866688462042646e-08
0.23757266502765212 0.748633088406281 0.013794246566066981
0.21514236169654785 0.20211846855444718 0.582739169749005
0.121965885262856 0.45205457862444764 0.42597953611269634
0.3697057442612007 0.2064283284186959 0.4238659273201034
0.034637017289027384 0.9624379761424972 0.0029250065684753856
0.06916545369736658 0.6298634093422741 0.30097113696035926
0.3017088250210433 0.01915652721099974 0.679134647767957
0.4570015232546652 0.046001437757718554 0.49699703898761627
0.48967653801478883 0.3988143581488085 0.11150910383640267
0.6681580019524179 0.03223093581011104 0.299611062237471
6.3569642695485465e-09 0.828039421349447 0.17196057229358874
0.8109296159671245 0.004050877182082627 0.18501950685079283
0.5116073473476525 0.1788227722301633 0.30956988042218425
0.21356418993482146 0.6132196688461101 0.17321614121906848
0.17334514325864273 0.39353564532996577 0.43311921141139154
0.04256186776139197 0.7864041644725001 0.17103396776610802
0.5721934045671364 0.09447750955122423 0.33332908588163934
0.37024072788065526 0.49644588282258906 0.13331338929675574
0.9632732967540163 0.00777950409512365 0.02894719915086008
0.17653738537454972 0.14948531860758646 0.6739772960178638
0.1999040015182508 0.7327157277056835 0.06738027077606568
0.24964839406648476 0.22162404772858513 0.5287275582049301
0.25937919866816456 0.5318207022327986 0.20880009909903674
0.2558461488391233 0.47747213844246766 0.266681712718409
0.4312250390223775 0.1374400096874457 0.43133495129017674
0.1298348129449443 0.43695557001979496 0.43320961703526073
0.018240747519247768 0.48476652981187784 0.4969927226688744
0.9779553389415961 0.007344746766049143 0.014699914292354732
0.33646377954634327 0.2665192155032187 0.397017004950438
0.520636895810754 0.21266826067962397 0.266694843509622
1.2291383830888298e-08 0.3927132750766628 0.6072867126319533
0.5739313315320812 0.2556115826498717 0.17045708581804708
0.45013340608397373 0.2540690900030889 0.29579750391293735
0.23363427245225446 0.7362225234251071 0.03014320412263849
0.3545031641714053 0.3121662731985186 0.3333305626300761
0.27417101852653214 0.045883547575675414 0.6799454338977924
0.7647495099271661 0.1672143253425981 0.06803616473023577
0.44914472969967956 0.46434552791897415 0.08650974238134634
0.3367698518255716 0.2664300884541897 0.3968000597202387
0.0774189351525863 0.6510204409625574 0.27156062388485636
0.6312050265439256 0.34616731550983015 0.022627657946244217
0.04223245922320147 0.05735737307694248 0.900410167699856
0.6316506423346573 0.3365400976821159 0.03180925998322681
0.4667047283480346 0.3065450870623761 0.2267501845895893
0.7706001166145866 0.12983227010909754 0.09956761327631591
0.03488849314253868 0.9343210983545741 0.030790408502887168
0.017013879510627383 0.9083573798341615 0.07462874065521108
0.08717446689943602 0.6983665091414534 0.21445902395911065
0.34753012762763863 0.3323095473191274 0.320160325053234
0.4160809948474086 0.37477397784090544 0.20914502731168594
0.09239869477191341 0.3893473819995337 0.5182539232285529
0.22018043660814246 0.686195756292028 0.09362380709982954
0.1725792008599418 0.6551289808899885 0.17229181825006967
0.4522081082868049 0.2739636422333692 0.27382824947982587
0.47775715843841443 0.25554799805196354 0.266694843509622
0.7636406246315757 0.03885760981621025 0.1975017655522141
0.0008452922603533043 0.30418537341942337 0.6949693343202232
0.1227304433999866 0.3536772277109163 0.5235923288890971
0.2483055763714711 0.054502176366493134 0.6971922472620358
0.10874515503544964 0.7621736264294922 0.12908121853505827
0.09167401848023889 0.9082829326661507 4.304885361050559e-05
0.38639757205421665 0.21002687815796003 0.4035755497878233
0.27987752045424447 0.4031188708835894 0.31700360866216615
0.04915674415213326 0.9439969669239943 0.006846288923872401
8.371203033482194e-11 0.9116366671969177 0.08836333271937025
0.7532929015067542 0.08003674675396419 0.16667035173928157
0.47181106829186775 0.2475788895851461 0.2806100421229861
0.8789922009221333 0.0006079050886567306 0.12039989398921003
0.048257032931707085 0.4779404801215324 0.4738024869467605
0.4895685479012099 0.3132581805133991 0.197173271585391
0.3480668834458235 0.21860569120387285 0.43332742535030366
0.9703419057972479 0.0048932487715717355 0.024764845431180404
0.029324797513750618 0.18382742845843048 0.7868477740278189
0.06952380448099087 0.3971436259614996 0.5333325695575095
0.48111990927831016 0.04371500169548558 0.47516508902620425
0.06192824335184951 0.14941566874101564 0.7886560879071349
0.8695731225680453 0.043075303774352404 0.08735157365760227
0.13562033782239571 0.0502415664111756 0.8141380957664287
0.3683985576237258 0.30731728136934483 0.32428416100692936
0.04585304071297455 0.8810707994674541 0.07307615981957127
8.598128263349125e-05 0.6665871151862598 0.3333269035311067
0.32683803108825366 0.5009626694959219 0.17219929941582435
0.21828779094400513 0.5121045218614912 0.2696076871945037
0.2776863395155053 0.6136484834282673 0.10866517705622747
0.023820107084541665 0.9743410441029148 0.001838848812543592
0.5211190145471818 0.47888098185751654 3.5953017230028195e-09
6.588717331336885e-17 0.999999999999442 5.578870698741412e-13
0.17128926233837952 0.1357932420820007 0.6929174955796198
0.4600444508660466 0.1585530972226394 0.38140245191131394
0.6612734276309139 0.005433505196255526 0.3332930671728306
0.05238721524032039 0.5187511718295806 0.42886161293009895
0.5161212918569997 0.47588902692962504 0.007989681213375177
0.6648379155975148 0.12569684910610726 0.20946523529637795
0.21174995415094156 0.697654305406231 0.09059574044282748
0.18340611197254716 0.6481922492952994 0.1684016387321534
0.04825577524545679 0.4779691222762381 0.4737751024783051
0.1391035254279926 0.7890954852282934 0.07180098934371393
0.16324381489437012 0.1443657692596126 0.6923904158460172
0.5338776248936805 0.1387688846673 0.3273534904390195
0.17223989534290687 0.2608544243536894 0.5669056803034037
0.010326628682781952 0.3582877395480997 0.6313856317691183
0.5463584175772843 0.3489971117451582 0.10464447067755744
0.011654796749698543 0.660471721324667 0.32787348192563437
0.43572578808764284 0.1741963064838371 0.39007790542852006
0.08401696990658675 0.832498105957279 0.08348492413613418
0.7340399145871147 0.15405800326148208 0.11190208215140318
1.640877037354795e-09 0.3332876844123894 0.6667123139467336
0.1789269227803595 0.650798872803106 0.1702742044165345
0.3018652933658727 0.16512673667662356 0.5330079699575038
0.00535601348451856 0.9946439865154815 0.0
0.5922198668820244 0.14110990200733942 0.26667023111063615
0.6540010911484985 0.1304458300880653 0.2155530787634362
0.4850438219168314 0.4326513613533072 0.08230481672986145
0.1486478106879972 0.5658321967714962 0.28551999254050653
1.3770082607729904e-07 0.6116849535182313 0.38831490878094266
0.16148396450386365 0.6188188145648132 0.21969722093132316
0.21893288154455565 0.09312307094234955 0.6879440475130948
0.7321489046584423 0.26418643532114366 0.003664660020414101
0.21634139767842445 0.6562948277986117 0.12736377452296388
0.09301376607405362 0.8736666527695682 0.03331958115637812
0.21007740397453117 0.1154082975925384 0.6745142984329304
0.6954716496118928 0.30452834390865113 6.479456082786328e-09
0.26277575073928094 0.043541492627853236 0.6936827566328658
0.39243025061999404 0.12887390106914187 0.4786958483108641
0.011029790600317843 0.30236707682572594 0.6866031325739562
0.08530521949679762 0.7430748908756556 0.17161988962754682
0.33587865921173365 0.39706154268055294 0.2670597981077134
0.5596416149658088 0.11047382155046893 0.3298845634837223
0.3667389266466405 0.3522684133039768 0.2809926600493827
0.5778175447066976 0.30222481384473976 0.11995764144856269
0.21948056805328914 0.6693245568883163 0.11119487505839465
0.3090122150642903 0.08125206473666878 0.609735720199041
0.39290548978245754 0.3252028542733687 0.28189165594417376
0.05538494308480145 0.9331082763362016 0.0115067805789969
0.13180651819295106 0.8348950223162356 0.03329845949081334
0.34370356300695315 0.1784168795898797 0.4778795574031671
0.25831737043586855 0.05063592333163519 0.6910467062324963
0.3926803955747598 0.5771828144828511 0.03013678994238911
0.254526797878703 0.026946501838696773 0.7185267002826001
0.04103265796430559 0.3921219689863571 0.5668453730493372
0.29886344844974727 0.4344646829087046 0.2666718686415481
0.8691476486442268 2.636719675849835e-12 0.13085235135313655
0.3545531845173689 0.022111543942803888 0.6233352715398273
0.27842293030608845 0.5492724638566563 0.17230460583725526
0.653871703294298 0.13052510189277683 0.21560319481292511
0.12494363044669983 0.36378100436252214 0.511275365190778
0.0037129015949807576 0.4203782958688606 0.5759088025361586
0.335044983084759 0.439556123449724 0.225398893465517
0.43392266550296604 0.29939726004257977 0.2666800744544542
0.9379904128404973 0.05268813485332939 0.009321452306173317
0.6104209710800486 0.19603617351796604 0.19354285540198535
0.17294496954580552 0.6290411162748305 0.19801391417936398
0.6061372821584302 0.12718264338711557 0.2666800744544542
0.04543134762479446 0.886641408989502 0.06792724338570355
0.43436283558078403 0.4361021074112029 0.12953505700801304
0.7062861889414517 0.28163769388943277 0.012076117169115608
0.004025436135002597 0.49015864665035225 0.5058159172146451
0.0661988686889774 0.1604774633405141 0.7733236679705084
0.2666647014674414 0.6472678635706594 0.08606743496189917
0.05405832634976004 0.12684346990415896 0.819098203746081
0.46531597124889024 0.11853642323921366 0.4161476055118961
0.11441935673199086 0.8621664683376123 0.02341417493039688
0.9360503529316874 0.05162384645130095 0.012325800617011717
0.9668686589347195 0.00031258270992662123 0.03281875835535386
0.2600325360347847 0.25151242921153794 0.48845503475367735
0.3201376743819653 0.170567647663612 0.5092946779544227
0.12923791488839004 0.3927191329163838 0.4780429521952262
0.17672296734625567 0.2436708397698061 0.5796061928839382
0.08615912608604888 0.30530960716926586 0.6085312667446853
0.41536106961779823 0.21795722759360608 0.3666817027885957
0.15921521115145246 0.468367647503256 0.3724171413452916
0.9830888806810401 0.0004608934877523904 0.016450225831207588
0.30142942817312 0.3948909178343606 0.3036796539925194
0.4417697753875454 0.2676397315216404 0.2905904930908142
0.9210421080788369 0.07895789192116309 0.0
0.6144473518520395 0.35221966420010786 0.03333298394785267
0.24643986007417698 0.4702962114768137 0.2832639284490093
0.28974325429429326 0.692657545832222 0.017599199873484683
0.05805738077317297 0.171746526310708 0.770196092916119
0.7489901496339332 0.061745297563241396 0.1892645528028254
0.1304605369404707 0.04343307575940196 0.8261063873001273
0.5684206268630605 4.1375713946537e-11 0.4315793730955638
0.6954262510723181 0.27336295685446316 0.03121079207321864
0.382679507497045 0.3195292512398515 0.2977912412631035
0.011673853728281341 0.01171831260677276 0.9766078336649459
0.43813586239100205 0.5285824302387321 0.03328170737026581
0.0069282003859903055 0.12098036538904901 0.8720914342249607
0.4324650442855646 0.5592985245259466 0.008236431188488824
0.7400334031426525 0.13051166304169978 0.12945493381564765
0.32253493494686536 0.47836722993023056 0.19909783512290413
0.045355967084749954 0.27934530131400914 0.6752987316012409
0.20925033324660164 0.477925075505991 0.31282459124740736
0.3458987135220992 0.02077601251397712 0.6333252739639237
0.08863149513528736 0.8781383827460063 0.03323012211870635
0.043115309625921104 0.2611139862216846 0.6957707041523944
0.5803894332422679 0.20286426292261472 0.2167463038351174
0.03401674629312423 0.29931265464989393 0.6666705990569819
0.21570418247036097 0.2615079669548244 0.5227878505748146
0.05887207852744585 0.011550577459383558 0.9295773440131706
0.31121445848724244 0.5726842002296244 0.11610134128313321
0.01768589168516469 0.14898135269740442 0.8333327556174309
0.22835635677198488 0.6581478892648168 0.11349575396319833
0.10754409582482594 0.8094620361891607 0.08299386798601338
0.7841049975652795 0.18256305306057205 0.033331949374148406
0.15363972431692396 0.32905434011948026 0.5173059355635958
0.08583250691478368 0.6990634516969383 0.215104041388278
0.6116530810553371 0.2019574285197891 0.18638949042487374
0.026506346541002344 0.8699444582302004 0.10354919522879724
0.0 0.0 1.0
0.2314102274276003 0.6712788005350206 0.09731097203737904
0.08478395283513665 0.3485036515881131 0.5667123955767502
0.39313304870174054 0.17354309820009442 0.433323853098165
0.3843303764510487 0.5107127664975049 0.10495685705144642
0.9799814061855603 0.0009577951525011388 0.01906079866193855
0.6970338999915294 0.13025871598101268 0.1727073840274579
0.3019295240694002 0.30623400869055517 0.3918364672400446
0.26931773056219677 0.32529895098758577 0.40538331845021747
0.4238272479156319 0.5590073052505949 0.01716544683377308
0.08703340612973841 0.6874301426368041 0.22553645123345745
0.5260209150467033 9.551947543020553e-06 0.4739695330057536
0.0062907337058917085 0.2795021107057182 0.7142071555883901
0.5242151013953609 0.043475651070304266 0.43230924753433486
0.12987154202119103 1.3406357982885992e-09 0.8701284566381732
0.5410845743129582 0.45529095258266095 0.0036244731043808542
0.08913948198365709 0.009928035538666644 0.9009324824776763
0.11614357116350948 0.6665481729316942 0.2173082559047963
0.010846135328227771 0.10098835107366019 0.888165513598112
0.955019409689538 0.04444729361692199 0.0005332966935399641
0.9615034466260536 0.007759037048769878 0.030737516325176517
2.644725687439135e-08 0.7845093025203329 0.21549067103241015
0.4349053574640826 0.19016345888019318 0.3749311836557242
0.3812486874863716 0.02819339822036061 0.5905579142932678
0.2819967668799862 0.09015244232447282 0.627850790795541
0.606379866965612 0.12694359507730443 0.26667653795708357
0.5233764590245565 0.08717286434742225 0.38945067662802124
0.6462997677964316 0.046563919087606216 0.3071363131159621
0.07436679194612161 0.0589335133882759 0.8666996946656025
0.3067503351269171 0.4761120112615788 0.21713765361150417
0.47787642091983784 0.4361039810166224 0.08601959806353976
0.4704943405400539 0.44854432066970473 0.08096133879024137
0.12887617825084854 0.6989512111136986 0.17217261063545286
0.9659883097278713 0.0006887404112743931 0.03332294986085427
0.08764480317587191 0.1304591249529078 0.7818960718712202
0.7313662934605011 0.05336263927230162 0.21527106726719725
0.9897694511148147 0.004248675408841712 0.005981873476343602
0.14066237503542034 0.06205657202293733 0.7972810529416423
0.6957719631698043 0.3042280368301957 0.0
0.858052513642712 0.14175466314796606 0.0001928232093220128
0.829783627838495 0.05306407341381247 0.11715229874769251
0.6537874454842826 0.13056624047949084 0.21564631403622658
0.21359961120960136 0.7619442813040014 0.02445610748639726
0.3446083803767596 0.22939024202121022 0.42600137760203016
0.568565095996655 1.5349106867017966e-05 0.431419554896478
0.1297882445472782 0.2613187356364735 0.6088930198162483
0.42776500409196416 0.189235676921975 0.3829993189860609
0.6108136968619425 0.21757119504471026 0.17161510809334724
0.3950129496103545 0.5716878029376323 0.03329924745201318
0.00024662202110190375 0.6757776035750681 0.32397577440382996
0.2657955793099159 0.21969447810527057 0.5145099425848136
0.09459657027125973 0.08551749760402388 0.8198859321247164
0.7365700864785564 0.2580798144002577 0.005350099121186003
0.6732962883607053 0.03596173043078207 0.2907419812085126
0.34977361928675593 0.6502263749143643 5.798879820773095e-09
0.6291449408836227 0.3455194776664029 0.025335581449974387
0.5041129619434576 0.3224353736150971 0.17345166444144533
0.2605886640374463 0.17274010540992824 0.5666712305526255
0.5506231366582797 0.3199069405206063 0.12946992282111403
0.04965415281765196 0.44922877216842116 0.5011170750139269
0.17252165874288275 0.5245511975190513 0.30292714373806595
0.5549483240417955 0.14573039331987445 0.29932128263833
0.5830074285838718 0.32746962897093074 0.08952294244519743
0.07931497588104273 0.2539409142226635 0.6667441098962937
0.17526080744413394 0.7390906897951822 0.08564850276068381
0.6226722413408279 0.0013022223800815166 0.37602553627909063
0.8901600109088807 0.0782348793610569 0.031605109730062364
0.5727730151481509 0.24485206439287932 0.18237492045896975
0.03990428461449191 0.6934274687208438 0.26666824666466427
0.421997723889705 0.37272442008182294 0.20527785602847204
0.780465860368116 0.034422105775702434 0.18511203385618147
0.23099175126932128 0.7622623912552902 0.006745857475388584
0.43811703956975495 0.04361548835272502 0.51826747207752
0.12920500959136907 0.44099419938636036 0.42980079102227053
0.7331084273974344 0.23364776699045578 0.03324380561210982
0.7768292174519855 0.19770629349628008 0.025464489051734374
0.890807652746046 0.10748002119903077 0.0017123260549232189
0.48555660980155585 0.18111430431680484 0.33332908588163934
0.8279776163717448 0.1720223835329598 9.529532718488554e-11
0.5262464315720857 0.17105076218133594 0.3027028062465783
0.7697266590565243 0.04296190688479015 0.18731143405868556
0.062305459185645874 0.5203339567352526 0.4173605840791015
0.12860964625779392 0.3047183821418384 0.5666719716003676
0.5483680088045264 0.13956195783712189 0.3120700333583517
0.4306305595947056 0.5369819985875283 0.032387441817766205
0.12803104780589136 0.7862503911765883 0.0857185610175204
0.30790702338603115 0.6588059142193311 0.033287062394637745
0.5507375418532925 0.04588513637239719 0.4033773217743103
0.35152553373451434 0.015327843380054202 0.6331466228854314
0.8128970122165664 0.16970710658064633 0.017395881202787233
0.04603982550757634 0.02659801335804258 0.9273621611343811
0.17145449721639067 0.7204471910020289 0.10809831178158036
0.18916834784883413 0.4174847494586826 0.3933469026924833
0.20060787120543092 0.7089865537439325 0.09040557505063662
0.08251541326091588 0.43889826635679535 0.47858632038228877
0.48693841172114677 0.17995985510818063 0.3331017331706726
0.17558620097400088 0.0912592592284709 0.7331545397975282
0.6195710093140046 0.16299637561829824 0.21743261506769718
0.19593654507424993 0.3790354424366145 0.4250280124891356
0.2575580019009616 0.06353605016577493 0.6789059479332634
0.9404560978696459 0.05246934283496686 0.0070745592953872505
0.14935476697585373 0.8193379246363743 0.03130730838777185
0.5690244778738169 0.22851991065316424 0.20245561147301883
0.5771860002035321 0.35454047939276484 0.06827352040370305
0.6581402154493189 0.03291734551768226 0.3089424390329989
0.2035099714514713 0.08627460049268824 0.7102154280558405
0.6684398257156365 0.22816275667915575 0.10339741760520771
0.11216402459591433 0.8107995825095323 0.07703639289455333
0.08721506597279846 4.4874367313171284e-05 0.9127400596598884
0.17346766359909216 0.2174298513396566 0.6091024850612512
0.06357302472882974 0.20549244977242648 0.7309345254987438
0.045729026761913386 0.7519189649871695 0.20235200825091715
0.06049015081059306 0.5605459581676537 0.3789638910217532
0.688678021504119 0.005305559346150869 0.3060164191497301
0.3045694736906786 0.12844707962401314 0.5669834466853083
0.5342412599562114 0.23242739463157608 0.23333134541221245
7.224448143658481e-07 0.7845455595025799 0.2154537180526057
0.3333960012820748 0.6601755889223392 0.006428409795586121
0.4858570942260394 0.18081962815712282 0.3333232776168378
0.2671533030891201 0.24937414974170283 0.4834725471691771
0.027307515437914483 0.9393623800413335 0.033330104520752024
0.5916155247059884 0.32536219191956506 0.0830222833744465
0.14276507840782537 0.023911402915074365 0.8333235186771002
0.4341116930020423 0.5658883069644459 3.3511859953705425e-11
0.9066675062357139 0.08168369256754818 0.011648801196737946
0.18800428663901506 0.7242235131541892 0.08777220020679577
0.24630733419213297 0.12899118899308076 0.6247014768147863
0.07754516783657907 0.015040331143667136 0.9074145010197538
0.006466899101028917 0.6602025422986759 0.33333055860029515
0.4443828203257738 0.44918798194627135 0.10642919772795478
0.3902783527101228 0.48005345529419907 0.12966819199567814
0.09661898860560421 0.7021951733124259 0.20118583808197
0.827957407388732 0.17204259247575668 1.3551126887278997e-10
0.24576990263099718 0.0797157989360724 0.6745142984329304
0.030825699856760168 0.8585964755726164 0.11057782457062337
0.1938694967081744 0.4199579716544448 0.38617253163738074
0.17650490744040592 0.5946770530918262 0.2288180394677679
0.2686327203538904 0.35996079085973415 0.3714064887863755
0.28245796374172044 0.23815675598115743 0.47938528027712213
0.3420371949991932 0.07566142105776177 0.582301383943045
0.2961048899948378 0.6838894330606806 0.020005676944481632
3.5047970480056605e-08 0.8704725744495078 0.12952739050252182
0.9343391767677889 0.06536952293150144 0.0002913003007096737
0.4348388412399088 0.39235073886885086 0.17281041989124035
0.0 0.0 1.0
0.5231965733072473 0.087332107466646 0.38947131922610667
0.9270614367585331 0.04233919957166458 0.030599363669802315
0.2984364326165075 0.09569963509216475 0.6058639322913277
0.33108945105063575 0.3962350788022448 0.27267547014711946
0.29111932380191635 0.3991385325150794 0.30974214368300423
0.1221490326250223 0.4909571157768415 0.3868938515981363
0.04693042864220252 0.41973948676786704 0.5333300845899305
0.41372016223441976 0.5125021172403101 0.0737777205252701
0.387568047631742 0.3924654109674708 0.2199665414007872
0.06859592641695175 0.6647327550640737 0.26667131851897463
0.033291075624050544 5.797133096651643e-09 0.9667089185788164
0.11622291992546253 0.11709166554065358 0.766685414533884
0.9231565979577917 0.043510418094355616 0.03333298394785267
0.7212543585844401 0.27066534714449986 0.008080294271060051
0.7760629008461157 0.14672547858049198 0.07721162057339226
0.14037700578118723 0.8289840319112216 0.030638962307591222
0.7639611270875744 0.1293369803816762 0.10670189253074946
0.20781361487064318 0.7624924795378465 0.029693905591510417
0.7944439849507251 0.17223086696718976 0.03332514808208509
0.16770710094613364 0.24937850282159343 0.5829143962322729
0.28911953344442 0.27754720342082495 0.43333326313475506
0.20124709904422167 0.7214969214239917 0.07725597953178664
0.8084175194841456 0.06635413355260457 0.1252283469632498
0.9486908891471023 0.05130911085289769 0.0
0.521462539729549 0.34918841495924846 0.1293490453112025
0.17521369886917726 0.7388829885432366 0.0859033125875861
0.09378066605693997 0.90621933394306 0.0
0.22407242312945072 0.7751150674715441 0.0008125093990051235
0.30259271141756217 0.26407986323213417 0.43332742535030366
0.0424322703231875 0.34909099463781046 0.608476735039002
0.8281258450635343 0.17187414199066303 1.2945802652097882e-08
0.08299148256185619 0.6503280453501489 0.26668047208799495
0.2735795806426265 0.6445036466099048 0.08191677274746878
0.7661401976986838 0.03879338067669983 0.1950664216246164
0.014413995322723075 0.6022863570832215 0.38329964759405544
0.04229921441342816 0.7423466251303806 0.21535416045619116
0.6065876728018543 0.0664751866943683 0.3269371405037773
0.4935907389965836 0.09707982420150721 0.40932943680190914
0.00033621768648958494 0.9212818119011489 0.07838197041236161
0.2181054718661612 0.6616463360059571 0.12024819212788174
0.24938934218111553 0.08044638604835902 0.6701642717705254
0.042843206611270265 0.786750926932949 0.1704058664557807
0.2813066942476083 0.508936243254992 0.20975706249739978
0.236651882164113 0.33004559344607803 0.433302524389809
0.3919575495113419 0.4955593577663353 0.11248309272232282
0.6324733017983132 0.3674611280724903 6.557012919650163e-05
0.8262756306481633 0.04307891708207329 0.13064545226976343
0.6212060401043287 0.0002374054055289791 0.37855655449014236
0.009481563180322223 0.6116946264585772 0.3788238103611006
0.0012139850488338292 0.12516063702072686 0.8736253779304393
0.028137027328002186 0.6051918572369357 0.36667111543506214
0.19763965030144606 0.2873058541091998 0.5150544955893541
0.26293952680792254 0.5216109591479305 0.21544951404414692
4.0989233931314e-10 0.6964393532838418 0.3035606463062659
0.4692579995055164 0.26351210428810445 0.26722989620637916
0.3115962114998622 0.5817544085666726 0.10664937993346513
0.01295091469950696 0.665280518361215 0.321768566939278
0.09972367452872608 0.5864623182963229 0.313814007174951
0.1805179478430128 0.6000295313710187 0.21945252078596844
0.2585724459850846 0.1343052992882876 0.6071222547266277
0.42344059416159846 0.5673992764385796 0.009160129399822026
0.7852237530568982 0.0001610694921112631 0.21461517745099057
0.07073237532502724 0.003531657614893318 0.9257359670600794
7.231314992403556e-05 0.5683651539946406 0.43156253285543533
0.4064176307339232 0.2758150192528816 0.3177673500131952
0.12392104111287229 0.3831668017272552 0.49291215715987247
0.965495206483374 0.007880365706071734 0.026624427810554296
0.8454395964441084 0.15173504770104554 0.002825355854846112
0.1011409113997302 0.7136503706062095 0.18520871799406025
0.9459396270967931 0.04328082167901477 0.010779551224192052
0.7595510468765648 0.13751683764820857 0.10293211547522663
0.029374426839318287 0.9694798601136503 0.0011457130470314825
0.008634829470769883 0.5767736081159015 0.4145915624133286
0.019452400273987647 0.9805475997260124 0.0
